1f.txt 3.97361657e-14 1.88119084e-14 1.91775679e-14 9.48835272e-15
2f.txt 1.46735792e-14 -2.92788319e-14 -2.13011590e-14 4.10426216e-14
3f.txt 1.09845004e-14 -1.20469576e-14 -1.34810246e-14 1.49489452e-14
4f.txt 9.94052723e-14 -5.48077006e-14 2.91046619e-14 1.54299159e-13
5f.txt 2.83100719e-15 1.49772507e-15 2.48525110e-15 1.11038172e-15
6f.txt 9.48104026e-15 2.35553122e-15 4.42258783e-15 8.71209119e-15
7f.txt 1.22190373e-14 -7.52211182e-15 0.00000000e+00 1.66339205e-13
8f.txt 8.00857666e-14 7.68323021e-14 2.36607116e-14 4.14267391e-14
9f.txt 4.09915303e-14 2.58086554e-14 2.55333168e-14 1.71258099e-14
10f.txt 3.60832987e-14 -2.81562459e-14 -3.13619205e-14 2.88670122e-14
11f.txt 3.78317246e-14 -2.26855124e-14 -2.07502827e-14 1.39857195e-14
12f.txt 9.66179130e-14 -6.43645556e-14 -6.62053430e-14 6.39851711e-14
13f.txt 1.13460532e-13 1.15422596e-13 3.41915589e-14 1.19698600e-13
14f.txt 1.07387513e-13 1.18959792e-14 -2.61831805e-14 9.87000000e-16
15f.txt 1.99543105e-14 -3.34352507e-14 -3.36094772e-14 6.11928068e-14
16f.txt 1.67602148e-14 -1.46141208e-14 -1.71025807e-14 3.89505413e-14
17f.txt 1.33765443e-14 2.44896272e-14 0.00000000e+00 3.98347913e-15
18f.txt 1.17976059e-15 -2.04364858e-15 0.00000000e+00 2.13866434e-14
19f.txt 8.79327805e-14 1.47641393e-14 3.62546439e-14 9.65882331e-14
20f.txt 4.53351977e-15 -4.52608280e-14 -3.50488767e-14 9.06723648e-15
21f.txt 2.46286759e-14 2.71678405e-14 8.36863572e-15 8.54449320e-14
22f.txt 2.87562140e-14 -4.96008174e-14 -5.00239628e-14 4.88069562e-14
23f.txt 9.20305415e-14 -6.03663139e-14 -4.36536517e-14 1.25713523e-13
24f.txt 2.17962178e-14 1.49715016e-14 1.16695845e-14 1.48647053e-14
25f.txt 2.03397021e-14 -2.94488984e-14 -2.35445950e-14 5.63586692e-14
26f.txt 5.63957244e-14 2.23166520e-14 1.78335603e-14 2.14665776e-14
27f.txt 1.31814357e-14 2.31634082e-15 1.38572372e-14 1.53758680e-13
28f.txt 4.93985993e-14 2.70056096e-14 2.56186932e-14 1.96098323e-14
29f.txt 2.90233277e-14 0.00000000e+00 -1.08563975e-15 2.67024780e-17
30f.txt 1.62171136e-15 0.00000000e+00 0.00000000e+00 7.38053713e-16
31f.txt 3.21638330e-14 -4.91165072e-14 -5.18508147e-14 1.05404084e-13
32f.txt 3.10648259e-14 -5.42042407e-14 -5.52039942e-14 1.01407595e-13
33f.txt 4.26742938e-15 6.13035468e-15 1.34807992e-15 5.91416653e-16
34f.txt 9.47213480e-14 3.67105159e-14 -7.43539167e-15 2.32627844e-14
35f.txt 2.45548627e-14 -2.94837136e-14 -3.07575300e-14 5.46419590e-14
36f.txt 2.79680280e-14 6.85262437e-15 8.09353992e-15 5.33406656e-14
37f.txt 2.77780320e-14 -1.49347014e-14 3.29796980e-15 2.24788708e-13
38f.txt 9.34783142e-14 1.32310675e-13 8.29253950e-14 1.31477082e-13
39f.txt 4.93514608e-15 6.07499327e-15 4.36703298e-15 1.36368029e-14
40f.txt 6.39980531e-15 9.69399903e-15 6.47273385e-15 1.41067396e-14
41f.txt 8.60295895e-14 5.45278132e-15 2.15590282e-15 1.28654477e-13
42f.txt 1.47929747e-15 0.00000000e+00 0.00000000e+00 8.52080062e-15
43f.txt 2.79593017e-15 4.99441647e-15 0.00000000e+00 9.87000000e-16
44f.txt 1.34864654e-14 -1.60786204e-14 -1.91271135e-14 2.81262704e-16
45f.txt 3.89399863e-14 4.80809650e-14 2.55007335e-14 4.16287508e-14
46f.txt 1.62995068e-14 -2.56716445e-14 -1.76870635e-14 3.71686272e-14
47f.txt 2.80486931e-14 -1.28555235e-14 -1.76693223e-14 9.15925901e-15
48f.txt 8.01658650e-15 -9.84512189e-15 7.04639918e-15 1.13241739e-13
49f.txt 6.65121244e-14 -5.78823690e-14 -5.87312421e-14 8.81469035e-14
50f.txt 9.10240317e-14 -4.07976981e-14 -1.80224239e-14 8.19009270e-14
51f.txt 2.73230182e-14 -5.07109721e-14 -4.78743292e-14 9.41898946e-14
52f.txt 6.07882977e-14 4.91474132e-14 4.12586408e-14 7.12046422e-14
53f.txt 2.34690521e-13 3.64095434e-13 3.65929772e-13 5.76343586e-13
54f.txt 1.11976531e-15 0.00000000e+00 0.00000000e+00 7.50176178e-17
55f.txt 1.00200309e-15 0.00000000e+00 0.00000000e+00 3.13667046e-16
56f.txt 4.55346106e-14 1.70855947e-14 -4.78863463e-15 2.46467008e-14
57f.txt 3.59018505e-14 -2.76011358e-14 -2.19790860e-14 3.08012765e-14
58f.txt 1.08019227e-14 7.98643121e-15 1.22896881e-14 2.17612060e-14
59f.txt 1.90133176e-15 -6.97424974e-15 0.00000000e+00 8.92317972e-15
60f.txt 1.73212150e-15 0.00000000e+00 0.00000000e+00 2.12699180e-16
61f.txt 3.26512425e-14 -3.12961852e-14 -3.18586273e-14 3.54874837e-14
62f.txt 1.74235373e-14 1.37365523e-14 1.33083972e-14 1.34199817e-14
63f.txt 6.36776240e-14 5.54276206e-14 4.32855518e-14 3.75536665e-14
64f.txt 2.00860038e-15 0.00000000e+00 0.00000000e+00 8.15775589e-16
65f.txt 1.57743767e-13 4.61381000e-14 5.23518445e-14 2.24745095e-14
66f.txt 2.22613915e-14 3.05175524e-14 3.03040137e-14 4.48379519e-14
67f.txt 2.23435065e-14 2.01071906e-14 2.90999609e-14 6.79515650e-14
68f.txt 2.12223794e-13 2.22310520e-14 2.98002796e-15 1.04709542e-13
69f.txt 3.45466550e-14 -3.35857338e-15 4.80391640e-15 9.87000000e-16
70f.txt 1.71019719e-15 1.11290677e-15 0.00000000e+00 4.70509402e-15
71f.txt 1.09679723e-13 2.31190392e-14 3.83440593e-14 6.57365245e-15
72f.txt 8.43148243e-14 2.82861861e-14 5.61592327e-14 6.52871644e-14
73f.txt 1.19667555e-14 -3.04475663e-14 -9.69633941e-15 2.82684636e-14
74f.txt 2.71628456e-15 -5.20272738e-14 1.34860131e-15 3.34193902e-15
75f.txt 7.19505985e-14 1.09441146e-14 -2.08756252e-14 2.54243954e-14
76f.txt 4.44113551e-14 -2.21820976e-14 -2.81309090e-14 1.24633692e-14
77f.txt 9.22730736e-14 5.04235807e-14 1.73746486e-14 4.15644573e-14
78f.txt 1.61603703e-13 5.51767891e-14 5.36535528e-14 2.49675375e-14
79f.txt 1.52737225e-13 3.50497314e-14 2.60566139e-14 3.81006843e-14
80f.txt 2.90258813e-15 0.00000000e+00 0.00000000e+00 9.50622663e-16
81f.txt 4.61692020e-14 5.61072842e-15 6.05400871e-15 1.17320814e-14
82f.txt 1.01593698e-13 5.50971064e-14 -2.72110200e-14 3.71397400e-14
83f.txt 2.23189569e-13 -6.29292815e-14 -5.34389467e-14 4.96411332e-14
84f.txt 1.32752226e-13 4.27225579e-14 8.49153842e-14 4.44874623e-14
85f.txt 4.81837201e-13 8.36292580e-15 2.67486809e-14 7.59796488e-14
86f.txt 2.13724251e-13 9.08103443e-14 1.42725255e-13 6.12087618e-14
87f.txt 4.56333568e-14 -1.55106037e-14 -1.56891559e-14 5.23711788e-14
88f.txt 2.65720277e-14 4.57396513e-15 2.74650940e-14 3.06820684e-14
89f.txt 1.96266341e-14 1.78411510e-15 9.47974536e-15 1.02217201e-15
90f.txt 5.63792960e-15 7.08252489e-15 4.68936026e-15 9.25628585e-15
91f.txt 1.58843437e-14 -1.83619991e-14 -1.91034566e-14 4.91050770e-14
92f.txt 2.44530095e-13 -5.52299842e-14 -5.86569397e-14 9.87000000e-16
93f.txt 1.38851553e-14 4.06949477e-15 4.11037672e-15 3.27447439e-14
94f.txt 6.45052698e-14 6.22974895e-14 1.81842756e-14 3.56635481e-14
95f.txt 1.10693489e-13 1.70057778e-15 8.06062998e-15 2.66226313e-14
96f.txt 6.08484580e-14 -4.46175373e-14 -2.65524785e-14 5.05770964e-14
97f.txt 3.15669969e-14 -3.73964403e-14 -3.19927376e-14 4.03204115e-14
98f.txt 1.34671231e-15 0.00000000e+00 0.00000000e+00 3.27976765e-18
99f.txt 2.83163804e-13 8.41966541e-14 8.15354645e-14 2.49650246e-14
100f.txt 1.82113651e-14 -1.01096692e-14 -1.93973961e-14 4.53086412e-15
