437.469000 393.899119 437.600587 213.047118 0.00031
445.737070 597.360384 195.942816 617.519518 0.00036
172.939036 244.525843 95.165081 313.278777 0.00023
0.000000 744.893649 284.189473 860.331842 0.00041
790.525716 729.745313 821.369605 862.592923 0.00027
591.435719 972.946000 458.092810 935.227807 0.00027
998.730524 410.076892 889.783417 478.599439 0.00026
920.374525 505.636967 1000.000000 448.518727 0.0003
351.173942 578.137525 468.614417 621.496752 0.00026
433.960936 819.355687 308.414818 865.887976 0.00027
290.831770 46.693069 162.876415 15.707837 0.00026
383.641805 117.339976 508.420112 257.200307 0.00031
362.383920 968.895718 170.058955 918.293081 0.00032
417.444924 1000.000000 729.376489 609.984259 0.00068
350.249306 208.980518 515.561350 696.988265 0.00052
222.785230 756.178013 296.461639 865.487090 0.00026
80.535119 907.289618 186.893898 950.468783 0.00025
535.032361 857.946177 303.424476 487.488385 0.00048
445.068474 365.076717 568.652548 379.587842 0.00026
345.552719 325.333604 303.096391 486.057778 0.0003
469.506508 474.537502 899.871093 403.110341 0.00048
438.212517 731.560261 447.974505 625.738140 0.00024
433.260927 404.571679 438.065232 525.568979 0.00025
814.261429 1000.000000 763.499367 888.293775 0.00027
759.616890 288.905075 871.495850 420.490890 0.0003
886.398687 481.682288 617.826620 196.359436 0.00046
752.772570 941.684400 825.739313 850.035694 0.00025
247.487223 730.308152 755.047683 360.560364 0.00058
596.853254 690.673812 513.510592 807.893622 0.00028
759.740599 113.754529 501.758878 135.999869 0.00037
132.397679 525.784900 63.580651 380.684737 0.00029
264.072293 136.789571 227.280071 12.709306 0.00026
685.293228 645.889887 546.157056 680.791340 0.00028
377.587801 620.508241 232.332114 786.795043 0.00034
807.459391 708.590334 751.366572 1000.000000 0.00048
101.144709 573.858352 433.313476 746.285465 0.00044
91.100857 671.392286 0.000000 704.433311 0.00024
269.134311 806.873015 323.989244 900.574205 0.00024
709.343821 354.908269 403.386130 580.895176 0.00045
883.513601 505.107680 1000.000000 441.624875 0.00032
740.338490 809.757609 637.910933 802.450766 0.00023
650.785198 864.937420 784.977599 784.597053 0.00029
398.932910 86.085755 719.125329 294.786451 0.00045
465.127505 28.659945 601.580910 22.686471 0.00027
824.428440 21.274894 927.019565 92.355027 0.00026
416.031621 88.201243 370.165564 197.669917 0.00025
445.334178 227.757773 470.799698 115.079702 0.00025
262.579801 666.587128 153.910609 585.102435 0.00027
843.837569 10.683854 670.708757 48.346562 0.00031
564.892264 413.995895 528.491793 530.668635 0.00025
295.406354 609.744455 419.370032 747.141086 0.00031
734.354072 0.000000 662.813947 246.191023 0.00038
82.378204 189.594939 136.066790 282.532909 0.00024
52.909123 185.856982 0.000000 303.819510 0.00035
522.746756 111.205160 671.857403 234.307429 0.00032
622.004229 389.269107 696.347904 258.143138 0.00028
346.268340 843.278292 813.744522 758.941906 0.0005
899.380769 247.313472 920.522451 351.953926 0.00024
660.305095 861.427465 611.707209 689.823982 0.00031
468.013463 538.374614 583.109039 567.167047 0.00025
297.656303 588.776556 221.589857 520.606887 0.00023
93.208472 806.395007 9.133262 654.899567 0.0003
581.831422 737.882124 882.068836 809.367521 0.0004
80.489472 899.091058 248.093310 902.603152 0.0003
184.659896 18.722544 376.134115 257.611769 0.0004
221.820675 838.161690 297.034221 749.991942 0.00025
562.136698 98.297828 532.055222 280.528921 0.00031
596.697070 40.159763 485.839865 17.789002 0.00024
849.771146 136.052290 726.455222 118.722095 0.00026
915.712909 154.595023 823.498202 112.876350 0.00023
840.726187 35.787327 734.354874 220.834592 0.00034
1000.000000 916.766486 862.402814 1000.000000 0.00054
282.070806 212.579346 78.865414 333.880764 0.00035
810.688655 954.834262 1000.000000 935.644248 0.00036
0.000000 621.011404 121.931437 667.295080 0.00029
289.881908 835.098255 191.409863 909.963387 0.00026
0.000000 400.410461 24.229251 309.192708 0.00025
723.120387 270.835347 620.066682 201.568463 0.00026
978.383582 0.000000 794.362736 468.537389 0.00057
524.148073 579.889569 620.684551 511.408961 0.00025
87.438826 210.049449 223.483755 300.183462 0.00029
526.719809 253.240244 478.015059 358.406971 0.00025
513.203722 62.440858 585.813760 0.000000 0.00028
218.592774 633.604245 157.950778 541.371942 0.00024
340.534043 1000.000000 297.166146 900.611512 0.00027
846.869954 828.238924 585.204731 871.456424 0.00037
546.463806 0.000000 641.473114 116.691953 0.00039
0.000000 679.343273 333.063255 573.260286 0.00046
319.718734 414.385894 441.008385 304.196376 0.00029
528.134308 59.504056 265.004182 168.615175 0.00039
521.671403 633.994417 631.811988 447.641435 0.00034
42.798455 370.604381 0.000000 454.414311 0.00023
614.864412 476.195508 540.295711 558.001487 0.00024
915.706638 943.094381 948.685548 829.151371 0.00025
58.195013 114.351462 155.550548 184.440354 0.00025
678.335232 451.498320 785.964285 417.854726 0.00024
911.130222 58.488762 1000.000000 59.311802 0.00025
626.187416 322.024781 591.583661 440.035333 0.00026
459.452097 640.605791 979.879127 804.133146 0.00054
364.222232 71.997726 241.282419 118.240732 0.00026
443.487577 727.937896 474.557211 606.442899 0.00026
0.000000 325.410526 107.638971 260.395043 0.00027
446.965640 611.627174 323.738571 585.498354 0.00026
321.492041 265.646987 401.940719 38.056992 0.00036
349.017115 461.896060 226.150995 410.858153 0.00027
816.412681 67.168644 816.782577 0.000000 0.00024
358.938167 223.705131 542.118023 234.340762 0.00031
872.174527 254.050978 741.090514 273.308329 0.00026
790.311106 444.651557 790.034764 578.118907 0.00027
301.587568 166.171971 264.328179 263.997805 0.00024
0.000000 360.502716 234.135659 311.169754 0.00042
36.016567 676.383504 73.844889 819.250679 0.00028
689.760852 420.377546 585.284427 406.861360 0.00024
415.651247 0.000000 455.109375 254.784187 0.00046
961.931181 415.364861 849.131515 364.691422 0.00026
326.066075 475.536968 508.575692 473.430913 0.00031
87.157025 752.383573 220.959630 898.257860 0.00032
484.606631 319.858754 595.391896 287.428388 0.00025
728.209929 615.834513 1000.000000 883.817607 0.00056
622.129017 474.007861 699.781112 657.351665 0.00032
444.324220 119.675399 353.291180 -0.000000 0.00029
140.706054 136.922805 377.275030 383.105557 0.00042
774.781999 548.106127 921.042321 630.100976 0.0003
972.431617 522.411014 917.680533 437.056217 0.00023
302.025799 185.614647 451.973875 211.686587 0.00028
0.000000 245.295833 204.903333 226.160293 0.00038
292.938416 808.286562 70.225121 752.100396 0.00035
635.887593 556.282930 515.607637 678.336908 0.0003
199.388822 192.574102 172.381242 95.683497 0.00023
186.938856 751.978650 395.957855 680.285390 0.00034
515.719934 352.181000 407.608280 450.831857 0.00028
381.584741 554.686813 312.370141 370.083922 0.00032
413.929620 778.781039 222.401813 635.782974 0.00036
438.278798 536.396379 481.550361 266.024713 0.00038
278.607544 42.187272 213.794314 -0.000000 0.00023
103.507376 0.000000 -0.000000 101.984050 0.00037
608.169621 659.687572 708.737291 522.448778 0.0003
150.812371 393.993360 166.794754 498.009680 0.00024
785.148020 984.249857 820.177181 868.991348 0.00025
353.758084 95.967846 463.401460 93.818866 0.00024
343.952122 292.330775 310.831636 458.506792 0.0003
766.217502 625.472769 725.811955 466.524959 0.00029
773.104721 156.683579 719.599119 66.673169 0.00024
525.330778 696.169758 12.791449 1000.000000 0.00066
177.746178 632.622552 57.343426 633.931445 0.00025
113.511520 925.447119 234.563529 885.376168 0.00026
567.218114 648.788291 687.600214 612.317588 0.00026
847.395203 65.337418 840.357733 -0.000000 0.00023
570.418584 263.068704 449.747126 369.886870 0.00029
107.211719 96.804687 224.315769 126.936789 0.00025
774.979074 664.290264 653.631491 594.635999 0.00027
1000.000000 100.738880 766.048174 -0.000000 0.00053
352.392275 501.838944 84.683207 846.150900 0.00048
831.301391 514.588297 910.621504 440.289876 0.00024
274.391805 367.733387 149.280083 243.358218 0.00031
883.989179 563.075364 789.340702 469.590601 0.00027
890.688654 600.842461 827.914724 813.214039 0.00034
451.917877 777.381336 594.837069 849.840631 0.00029
493.826003 257.372364 460.899586 374.244316 0.00025
882.504441 234.582686 897.261824 388.021677 0.00029
156.973415 211.380801 0.000000 439.581748 0.00041
444.518347 757.490560 574.393903 575.119226 0.00034
590.005711 812.304397 651.590183 909.838863 0.00025
703.026274 715.051989 764.108606 808.506519 0.00024
297.136000 879.494112 162.856462 872.181041 0.00027
154.282991 971.698612 -0.000000 854.640842 0.00042
84.421201 85.113825 193.556578 260.466981 0.00033
831.691874 921.165585 707.323020 779.282379 0.00032
942.692947 1000.000000 1000.000000 914.455856 0.00024
376.175187 821.862407 397.413645 718.551572 0.00024
1000.000000 803.406664 981.956760 1000.000000 0.00043
354.407856 2.338617 298.379079 132.488336 0.00027
105.959909 576.876271 168.362163 716.708161 0.00028
454.858469 300.081186 314.648791 348.111995 0.00028
599.382089 570.070659 525.889576 710.623166 0.00029
645.252890 819.520964 622.417964 939.981098 0.00025
487.743532 398.258218 595.469238 349.017133 0.00025
473.284004 651.264663 156.702845 882.210452 0.00046
308.600088 26.888030 10.053359 309.285288 0.00047
227.567216 569.192164 77.665251 470.257203 0.00031
76.165124 599.545640 197.736423 655.365579 0.00027
685.071317 628.309345 734.534916 799.518027 0.00031
481.392882 405.193353 448.336050 207.598858 0.00033
283.554228 350.649685 -0.000000 205.840165 0.00045
684.564144 865.541284 717.193560 966.465731 0.00024
134.665140 683.111339 225.307135 546.957188 0.00029
867.091283 60.219224 740.244878 126.130896 0.00027
602.093292 653.153937 425.818918 602.240467 0.00031
631.197507 206.722373 465.679217 177.333672 0.0003
184.472552 722.854161 231.216967 831.075219 0.00025
737.820183 838.138778 831.357566 890.862232 0.00024
575.539023 322.324107 477.440242 344.839116 0.00023
519.973332 125.491138 622.073395 145.336861 0.00023
480.944293 739.970361 363.137225 790.963955 0.00026
840.453106 364.005130 601.859514 273.222337 0.00037
114.933482 302.121255 31.343141 202.637767 0.00026
504.885091 180.426435 684.838745 219.722787 0.00031
971.277346 493.602418 844.212627 -0.000000 0.00068
401.913186 467.473597 495.688935 636.347873 0.00032
720.752819 449.137617 584.401962 358.485629 0.00029
0.000000 101.000000 501.000000 901.000000  0.001
0.000000 701.000000 501.000000 301.000000  0.001
701.000000 201.000000 801.000000 1000.000000  0.001
