82 5.403913 14.725532 9.577803 0.000000 2.800000e-04
72 9.577803 100.000000 37.922384 0.000000 2.800000e-04
62 37.922384 100.000000 45.245670 74.163363 2.800000e-04
83 68.728349 23.034675 100.000000 28.363039 3.200000e-04
84 0.000000 28.363039 100.000000 45.401997 3.200000e-04
85 0.000000 45.401997 60.226002 55.663880 3.200000e-04
27 29.291185 31.256910 100.000000 78.218977 2.400000e-04
28 0.000000 78.218977 23.168996 93.606930 2.400000e-04
54 51.765995 91.559863 80.176098 0.000000 2.900000e-04
44 80.176098 100.000000 99.750347 36.916260 2.900000e-04
39 40.818855 55.257729 51.887349 100.000000 3.200000e-04
49 51.887349 0.000000 76.625688 100.000000 3.200000e-04
59 76.625688 0.000000 86.098128 38.290526 3.200000e-04
33 81.462698 90.563869 100.000000 3.550199 2.300000e-04
34 0.000000 3.550199 0.756331 0.000000 2.300000e-04
24 0.756331 100.000000 2.490804 91.858422 2.300000e-04
71 80.095455 86.480098 93.799646 100.000000 2.800000e-04
81 93.799646 0.000000 100.000000 6.116974 2.800000e-04
82 0.000000 6.116974 86.854526 91.803512 2.800000e-04
96 88.707665 100.000000 100.000000 87.812328 4.400000e-04
97 0.000000 87.812328 81.361416 0.000000 4.400000e-04
87 81.361416 100.000000 100.000000 79.883617 4.400000e-04
88 0.000000 79.883617 56.593364 18.803128 4.400000e-04
62 49.832063 14.664967 100.000000 25.886305 2.400000e-04
63 0.000000 25.886305 55.337899 38.264036 2.400000e-04
29 8.341225 21.907372 40.784794 0.000000 2.800000e-04
19 40.784794 100.000000 100.000000 60.015202 2.800000e-04
20 0.000000 60.015202 28.689172 40.642969 2.800000e-04
8 50.952184 24.453392 51.109417 100.000000 3.200000e-04
18 51.109417 0.000000 51.317545 100.000000 3.200000e-04
28 51.317545 0.000000 51.362460 21.580642 3.200000e-04
54 57.271841 87.459436 100.000000 82.306059 2.600000e-04
55 0.000000 82.306059 81.487459 72.477984 2.600000e-04
51 0.000000 12.332662 6.643999 0.000000 5.300000e-04
41 6.643999 100.000000 60.517194 0.000000 5.300000e-04
31 60.517194 100.000000 100.000000 26.711595 5.300000e-04
32 0.000000 26.711595 14.390390 0.000000 5.300000e-04
22 14.390390 100.000000 68.263585 0.000000 5.300000e-04
12 68.263585 100.000000 98.034481 44.738945 5.300000e-04
32 29.306884 71.436586 43.252971 0.000000 3.300000e-04
22 43.252971 100.000000 62.775301 0.000000 3.300000e-04
12 62.775301 100.000000 69.620580 64.936160 3.300000e-04
53 26.701713 16.381750 100.000000 69.035043 2.500000e-04
54 0.000000 69.035043 20.966890 84.096457 2.500000e-04
18 89.986554 66.808075 100.000000 68.473227 3.000000e-04
19 0.000000 68.473227 100.000000 85.102383 3.000000e-04
20 0.000000 85.102383 54.863483 94.225717 3.000000e-04
56 1.227606 30.915787 48.051233 100.000000 4.300000e-04
66 48.051233 0.000000 100.000000 76.645915 4.300000e-04
67 0.000000 76.645915 15.828840 100.000000 4.300000e-04
77 15.828840 0.000000 83.606448 100.000000 4.300000e-04
87 83.606448 0.000000 100.000000 24.187269 4.300000e-04
88 0.000000 24.187269 1.274682 26.067952 4.300000e-04
13 78.958287 28.224133 97.549324 0.000000 3.000000e-04
3 97.549324 100.000000 100.000000 96.279487 3.000000e-04
4 0.000000 96.279487 63.418618 0.000000 3.000000e-04
3 43.819273 0.000000 99.171239 100.000000 3.600000e-04
13 99.171239 0.000000 100.000000 1.497257 3.600000e-04
14 0.000000 1.497257 24.766876 46.241604 3.600000e-04
44 43.276344 54.467060 73.125469 0.000000 4.500000e-04
34 73.125469 100.000000 100.000000 50.960817 4.500000e-04
35 0.000000 50.960817 27.927628 0.000000 4.500000e-04
25 27.927628 100.000000 82.729787 0.000000 4.500000e-04
15 82.729787 100.000000 100.000000 68.486255 4.500000e-04
16 0.000000 68.486255 27.355268 18.569849 4.500000e-04
29 22.755226 8.510843 29.367936 0.000000 4.000000e-04
19 29.367936 100.000000 100.000000 9.093483 4.000000e-04
20 0.000000 9.093483 7.065406 0.000000 4.000000e-04
10 7.065406 100.000000 84.762877 0.000000 4.000000e-04
89 99.077870 52.430995 100.000000 54.136578 2.400000e-04
90 0.000000 54.136578 24.796234 100.000000 2.400000e-04
100 24.796234 0.000000 51.133420 48.713585 2.400000e-04
85 51.141666 28.116790 100.000000 44.798901 2.500000e-04
86 0.000000 44.798901 59.443238 65.095104 2.500000e-04
37 22.102395 40.300333 28.007272 100.000000 2.400000e-04
47 28.007272 0.000000 33.061223 51.096612 2.400000e-04
17 68.308945 69.381180 100.000000 69.277991 2.300000e-04
18 0.000000 69.277991 70.218908 69.049351 2.300000e-04
41 0.000000 47.993782 71.050193 12.910844 2.300000e-04
56 52.968426 2.273240 53.548631 0.000000 3.100000e-04
46 53.548631 100.000000 79.071901 0.000000 3.100000e-04
36 79.071901 100.000000 96.896578 30.163034 3.100000e-04
71 0.000000 92.172416 80.820571 0.000000 3.100000e-04
61 80.820571 100.000000 100.000000 78.126679 3.100000e-04
62 0.000000 78.126679 11.199129 65.354550 3.100000e-04
23 58.176923 63.844433 99.839689 100.000000 4.800000e-04
33 99.839689 0.000000 100.000000 0.139120 4.800000e-04
34 0.000000 0.139120 100.000000 86.920606 4.800000e-04
35 0.000000 86.920606 15.071641 100.000000 4.800000e-04
45 15.071641 0.000000 100.000000 73.702091 4.800000e-04
46 0.000000 73.702091 30.303594 100.000000 4.800000e-04
56 30.303594 0.000000 86.885853 49.102925 4.800000e-04
94 56.287033 76.828652 100.000000 67.014584 3.500000e-04
95 0.000000 67.014584 100.000000 44.563425 3.500000e-04
96 0.000000 44.563425 79.181489 26.786263 3.500000e-04
91 0.000000 37.873655 58.500305 0.000000 2.600000e-04
81 58.500305 100.000000 79.976067 86.096387 2.600000e-04
91 0.000000 12.242069 100.000000 71.716728 2.900000e-04
92 0.000000 71.716728 31.727522 90.586564 2.900000e-04
30 11.366619 86.753403 14.181422 100.000000 2.500000e-04
40 14.181422 0.000000 35.430678 100.000000 2.500000e-04
50 35.430678 0.000000 36.546052 5.249003 2.500000e-04
25 20.208046 85.382355 100.000000 88.787256 3.500000e-04
26 0.000000 88.787256 100.000000 93.054480 3.500000e-04
27 0.000000 93.054480 48.077682 95.106062 3.500000e-04
94 41.274966 34.475035 59.691881 0.000000 2.400000e-04
84 59.691881 100.000000 92.317972 38.926491 2.400000e-04
34 61.344384 27.512170 61.953681 0.000000 3.500000e-04
24 61.953681 100.000000 64.168326 0.000000 3.500000e-04
14 64.168326 100.000000 66.382971 0.000000 3.500000e-04
4 66.382971 100.000000 66.547975 92.549423 3.500000e-04
21 79.879354 50.041557 100.000000 16.504945 3.800000e-04
22 0.000000 16.504945 9.902317 0.000000 3.800000e-04
12 9.902317 100.000000 69.898378 0.000000 3.800000e-04
2 69.898378 100.000000 100.000000 49.827335 3.800000e-04
3 0.000000 49.827335 22.867977 11.711538 3.800000e-04
62 46.870067 37.773792 47.752265 0.000000 3.500000e-04
52 47.752265 100.000000 50.087743 0.000000 3.500000e-04
42 50.087743 100.000000 52.347131 3.257982 3.500000e-04
83 87.244953 91.496940 100.000000 94.299687 2.600000e-04
84 0.000000 94.299687 25.941611 100.000000 2.600000e-04
94 25.941611 0.000000 100.000000 16.273316 2.600000e-04
95 0.000000 16.273316 14.359231 19.428560 2.600000e-04
43 55.897376 37.080416 100.000000 18.049843 3.000000e-04
44 0.000000 18.049843 41.829820 0.000000 3.000000e-04
34 41.829820 100.000000 100.000000 74.899184 3.000000e-04
35 0.000000 74.899184 16.034816 67.980055 3.000000e-04
18 43.009225 53.141478 73.703554 100.000000 2.800000e-04
28 73.703554 0.000000 100.000000 40.144633 2.800000e-04
29 0.000000 40.144633 25.046467 78.381026 2.800000e-04
5 43.930375 47.438852 100.000000 88.435403 2.400000e-04
6 0.000000 88.435403 15.816516 100.000000 2.400000e-04
16 15.816516 0.000000 29.548049 10.040115 2.400000e-04
94 28.600917 89.523919 100.000000 59.923567 3.900000e-04
95 0.000000 59.923567 100.000000 18.465960 3.900000e-04
96 0.000000 18.465960 44.541789 0.000000 3.900000e-04
86 44.541789 100.000000 100.000000 77.008352 3.900000e-04
87 0.000000 77.008352 0.995109 76.595804 3.900000e-04
51 50.579207 38.024548 100.000000 77.750071 3.300000e-04
52 0.000000 77.750071 27.680168 100.000000 3.300000e-04
62 27.680168 0.000000 100.000000 58.132276 3.300000e-04
63 0.000000 58.132276 11.925896 67.718574 3.300000e-04
49 37.002669 13.384041 55.419703 0.000000 2.500000e-04
39 55.419703 100.000000 100.000000 67.602572 2.500000e-04
40 0.000000 67.602572 35.780273 41.600305 2.500000e-04
54 68.560907 64.517813 100.000000 74.834641 5.800000e-04
55 0.000000 74.834641 76.687920 100.000000 5.800000e-04
65 76.687920 0.000000 100.000000 7.649925 5.800000e-04
66 0.000000 7.649925 100.000000 40.465210 5.800000e-04
67 0.000000 40.465210 100.000000 73.280494 5.800000e-04
68 0.000000 73.280494 81.423965 100.000000 5.800000e-04
78 81.423965 0.000000 100.000000 6.095779 5.800000e-04
79 0.000000 6.095779 100.000000 38.911063 5.800000e-04
80 0.000000 38.911063 80.553944 65.345069 5.800000e-04
88 84.014203 17.303287 100.000000 9.454069 2.500000e-04
89 0.000000 9.454069 19.254251 0.000000 2.500000e-04
79 19.254251 100.000000 86.305073 67.077241 2.500000e-04
27 20.309378 82.097096 32.911787 100.000000 2.600000e-04
37 32.911787 0.000000 92.666491 84.887164 2.600000e-04
70 82.835468 22.522761 84.030178 100.000000 2.700000e-04
80 84.030178 0.000000 84.998485 62.794968 2.700000e-04
30 23.545549 23.124231 90.904644 0.000000 2.500000e-04
20 90.904644 100.000000 100.000000 96.877584 2.500000e-04
92 93.879620 46.955383 100.000000 48.234224 2.500000e-04
93 0.000000 48.234224 100.000000 69.129024 2.500000e-04
94 0.000000 69.129024 6.426408 70.471809 2.500000e-04
76 58.830867 96.968430 100.000000 43.652596 3.400000e-04
77 0.000000 43.652596 33.707426 0.000000 3.400000e-04
67 33.707426 100.000000 90.310540 26.696483 3.400000e-04
28 20.017096 23.142577 23.402033 0.000000 2.500000e-04
18 23.402033 100.000000 36.467751 10.670607 2.500000e-04
45 39.283885 96.916137 100.000000 41.094999 2.900000e-04
46 0.000000 41.094999 44.698634 0.000000 2.900000e-04
36 44.698634 100.000000 57.056745 88.638209 2.900000e-04
59 43.577992 70.669105 46.519485 100.000000 2.600000e-04
69 46.519485 0.000000 56.078598 95.318031 2.600000e-04
92 29.078678 71.184696 100.000000 23.913937 2.800000e-04
93 0.000000 23.913937 35.878586 0.000000 2.800000e-04
83 35.878586 100.000000 52.757729 88.749647 2.800000e-04
31 0.000000 91.705500 9.144941 100.000000 4.900000e-04
41 9.144941 0.000000 100.000000 82.405923 4.900000e-04
42 0.000000 82.405923 19.398010 100.000000 4.900000e-04
52 19.398010 0.000000 100.000000 73.106345 4.900000e-04
53 0.000000 73.106345 29.651080 100.000000 4.900000e-04
63 29.651080 0.000000 100.000000 63.806768 4.900000e-04
64 0.000000 63.806768 3.472609 66.956439 4.900000e-04
61 -0.000000 23.053295 39.741964 71.777970 2.500000e-04
62 18.126983 44.896458 71.548299 100.000000 2.300000e-04
72 71.548299 0.000000 87.778597 16.741387 2.300000e-04
94 31.023716 28.058788 100.000000 26.408120 4.600000e-04
95 0.000000 26.408120 100.000000 24.015024 4.600000e-04
96 0.000000 24.015024 100.000000 21.621929 4.600000e-04
97 0.000000 21.621929 100.000000 19.228833 4.600000e-04
98 0.000000 19.228833 37.297934 18.336258 4.600000e-04
25 72.676762 47.882285 91.798234 0.000000 3.300000e-04
15 91.798234 100.000000 100.000000 79.461868 3.300000e-04
16 0.000000 79.461868 31.732568 0.000000 3.300000e-04
6 31.732568 100.000000 48.590448 57.786000 3.300000e-04
34 15.447574 68.175152 74.585349 100.000000 2.900000e-04
44 74.585349 0.000000 100.000000 13.676832 2.900000e-04
45 0.000000 13.676832 54.984185 43.266436 2.900000e-04
33 35.599562 40.219356 100.000000 16.395911 2.900000e-04
34 0.000000 16.395911 44.322046 0.000000 2.900000e-04
24 44.322046 100.000000 85.593345 84.732642 2.900000e-04
71 0.000000 17.660091 19.186139 0.000000 2.400000e-04
61 19.186139 100.000000 51.628769 70.137826 2.400000e-04
74 54.904073 93.459166 76.602733 100.000000 7.100000e-04
84 76.602733 0.000000 100.000000 7.052861 7.100000e-04
85 0.000000 7.052861 100.000000 37.196814 7.100000e-04
86 0.000000 37.196814 100.000000 67.340768 7.100000e-04
87 0.000000 67.340768 100.000000 97.484721 7.100000e-04
88 0.000000 97.484721 8.344224 100.000000 7.100000e-04
98 8.344224 0.000000 100.000000 27.628674 7.100000e-04
99 0.000000 27.628674 100.000000 57.772628 7.100000e-04
100 0.000000 57.772628 100.000000 87.916581 7.100000e-04
56 78.374363 19.186884 100.000000 8.916517 2.700000e-04
57 0.000000 8.916517 18.774925 0.000000 2.700000e-04
47 18.774925 100.000000 98.462553 62.155049 2.700000e-04
84 65.524822 48.031268 100.000000 30.460444 3.100000e-04
85 0.000000 30.460444 59.765511 0.000000 3.100000e-04
75 59.765511 100.000000 100.000000 79.493852 3.100000e-04
76 0.000000 79.493852 31.153940 63.615750 3.100000e-04
33 0.775427 79.940882 65.488313 0.000000 2.700000e-04
23 65.488313 100.000000 87.396114 72.936936 2.700000e-04
59 0.235190 100.000000 6.519792 0.000000 2.300000e-04
49 6.519792 100.000000 6.536810 99.729207 2.300000e-04
49 5.038335 69.065705 21.325926 0.000000 3.000000e-04
39 21.325926 100.000000 42.903440 8.502965 3.000000e-04
88 73.759864 91.111237 100.000000 93.024199 2.900000e-04
89 0.000000 93.024199 95.687224 100.000000 2.900000e-04
99 95.687224 0.000000 100.000000 0.314410 2.900000e-04
100 0.000000 0.314410 30.621435 2.546778 2.900000e-04
65 11.837428 53.155638 100.000000 89.691394 2.500000e-04
66 0.000000 89.691394 22.666083 99.084524 2.500000e-04
80 50.176187 81.139692 58.366804 100.000000 2.300000e-04
90 58.366804 0.000000 91.221759 75.654205 2.300000e-04
8 12.422384 25.588612 100.000000 83.034936 4.000000e-04
9 0.000000 83.034936 25.863445 100.000000 4.000000e-04
19 25.863445 0.000000 100.000000 48.629693 4.000000e-04
20 0.000000 48.629693 70.065646 94.589083 4.000000e-04
31 42.606281 16.279721 58.398099 0.000000 2.300000e-04
21 58.398099 100.000000 100.000000 57.112768 2.300000e-04
22 0.000000 57.112768 14.490132 42.174949 2.300000e-04
72 77.849934 90.025751 100.000000 81.725509 2.600000e-04
73 0.000000 81.725509 97.347842 45.246581 2.600000e-04
18 11.622948 42.492349 94.446017 100.000000 3.700000e-04
28 94.446017 0.000000 100.000000 3.856371 3.700000e-04
29 0.000000 3.856371 100.000000 73.290711 3.700000e-04
30 0.000000 73.290711 23.518814 89.620844 3.700000e-04
33 17.492876 7.911182 22.933680 0.000000 5.900000e-04
23 22.933680 100.000000 91.707275 0.000000 5.900000e-04
13 91.707275 100.000000 100.000000 87.941993 5.900000e-04
14 0.000000 87.941993 60.480870 0.000000 5.900000e-04
4 60.480870 100.000000 100.000000 42.537350 5.900000e-04
5 0.000000 42.537350 29.254465 0.000000 5.900000e-04
44 92.625993 83.708066 100.000000 78.989003 3.000000e-04
45 0.000000 78.989003 100.000000 14.993098 3.000000e-04
46 0.000000 14.993098 23.428214 0.000000 3.000000e-04
36 23.428214 100.000000 39.998448 89.395729 3.000000e-04
99 24.697660 27.810057 100.000000 35.588177 3.700000e-04
100 0.000000 35.588177 100.000000 45.917364 3.700000e-04
29 53.502028 45.373405 100.000000 55.984331 3.500000e-04
30 0.000000 55.984331 100.000000 78.804521 3.500000e-04
48 8.390633 91.078983 14.842608 100.000000 3.200000e-04
58 14.842608 0.000000 87.165925 100.000000 3.200000e-04
68 87.165925 0.000000 100.000000 17.745419 3.200000e-04
69 0.000000 17.745419 22.179101 48.412017 3.200000e-04
45 99.862662 25.263222 100.000000 25.142365 3.200000e-04
46 0.000000 25.142365 28.570974 0.000000 3.200000e-04
36 28.570974 100.000000 100.000000 37.142686 3.200000e-04
37 0.000000 37.142686 42.207752 0.000000 3.200000e-04
27 42.207752 100.000000 49.204518 93.842868 3.200000e-04
8 69.684953 0.000000 100.000000 29.783372 5.100000e-04
9 0.000000 29.783372 71.470093 100.000000 5.100000e-04
19 71.470093 0.000000 100.000000 28.029540 5.100000e-04
20 0.000000 28.029540 73.255234 100.000000 5.100000e-04
30 73.255234 0.000000 100.000000 26.275708 5.100000e-04
55 88.869494 81.506068 95.466337 0.000000 2.900000e-04
45 95.466337 100.000000 100.000000 43.985171 2.900000e-04
46 0.000000 43.985171 1.995324 19.332316 2.900000e-04
72 4.489330 95.332595 13.552841 100.000000 2.700000e-04
82 13.552841 0.000000 100.000000 44.517397 2.700000e-04
83 0.000000 44.517397 27.535424 58.697220 2.700000e-04
13 58.066602 84.872320 71.932991 100.000000 3.300000e-04
23 71.932991 0.000000 100.000000 30.619994 3.300000e-04
24 0.000000 30.619994 63.595352 100.000000 3.300000e-04
34 63.595352 0.000000 93.928738 33.092521 3.300000e-04
13 83.665392 17.194077 86.744673 0.000000 2.800000e-04
3 86.744673 100.000000 100.000000 25.984946 2.800000e-04
4 0.000000 25.984946 4.653634 0.000000 2.800000e-04
26 28.978138 92.778218 87.618845 0.164990 2.400000e-04
61 2.651287 92.826418 100.000000 44.630331 2.800000e-04
62 0.000000 44.630331 32.302319 28.637871 2.800000e-04
21 12.948953 68.512747 41.919141 100.000000 3.000000e-04
31 41.919141 0.000000 100.000000 63.127194 3.000000e-04
32 0.000000 63.127194 25.006739 90.306635 3.000000e-04
72 32.253311 19.190344 43.354358 0.000000 2.700000e-04
62 43.354358 100.000000 100.000000 2.076864 2.700000e-04
63 0.000000 2.076864 1.201404 0.000000 2.700000e-04
53 1.201404 100.000000 1.315854 99.802151 2.700000e-04
10 38.686556 81.637715 56.189969 0.000000 2.700000e-04
78 14.478081 87.519435 100.000000 26.039138 3.500000e-04
79 0.000000 26.039138 36.221637 0.000000 3.500000e-04
69 36.221637 100.000000 100.000000 54.150787 3.500000e-04
70 0.000000 54.150787 7.698755 48.616279 3.500000e-04
37 35.065438 64.374841 100.000000 87.409755 2.900000e-04
38 0.000000 87.409755 35.491430 100.000000 2.900000e-04
48 35.491430 0.000000 85.845948 17.862783 2.900000e-04
9 98.152068 60.042604 100.000000 59.362387 2.900000e-04
10 0.000000 59.362387 100.000000 22.552763 2.900000e-04
40 53.675005 77.463315 71.957588 100.000000 2.400000e-04
50 71.957588 0.000000 100.000000 34.567490 2.400000e-04
70 85.330259 56.152726 86.878855 100.000000 2.500000e-04
80 86.878855 0.000000 89.579355 76.462547 2.500000e-04
91 78.592264 6.476561 100.000000 10.926087 2.800000e-04
92 0.000000 10.926087 100.000000 31.710753 2.800000e-04
93 0.000000 31.710753 21.580892 36.196269 2.800000e-04
99 72.643258 100.000000 100.000000 87.853879 3.200000e-04
100 0.000000 87.853879 100.000000 43.454874 3.200000e-04
95 24.954696 58.258128 100.000000 76.156402 3.400000e-04
96 0.000000 76.156402 99.973328 100.000000 3.400000e-04
91 0.000000 62.426629 100.000000 36.268303 6.800000e-04
92 0.000000 36.268303 100.000000 10.109977 6.800000e-04
93 0.000000 10.109977 38.649175 0.000000 6.800000e-04
83 38.649175 100.000000 100.000000 83.951651 6.800000e-04
84 0.000000 83.951651 100.000000 57.793325 6.800000e-04
85 0.000000 57.793325 100.000000 31.634999 6.800000e-04
86 0.000000 31.634999 5.541036 30.185557 6.800000e-04
81 77.766179 32.632457 100.000000 35.773984 5.000000e-04
82 0.000000 35.773984 100.000000 49.903480 5.000000e-04
83 0.000000 49.903480 100.000000 64.032976 5.000000e-04
84 0.000000 64.032976 100.000000 78.162472 5.000000e-04
85 0.000000 78.162472 100.000000 92.291968 5.000000e-04
86 0.000000 92.291968 45.875629 98.773963 5.000000e-04
89 50.303891 29.580905 96.677277 0.000000 2.400000e-04
79 96.677277 100.000000 100.000000 97.880484 2.400000e-04
80 0.000000 97.880484 40.037669 72.341040 2.400000e-04
77 28.881017 40.560771 69.436886 0.000000 5.400000e-04
67 69.436886 100.000000 100.000000 69.433192 5.400000e-04
68 0.000000 69.433192 69.424801 0.000000 5.400000e-04
58 69.424801 100.000000 100.000000 69.421105 5.400000e-04
59 0.000000 69.421105 69.412716 0.000000 5.400000e-04
49 69.412716 100.000000 100.000000 69.409019 5.400000e-04
50 0.000000 69.409019 69.400630 0.000000 5.400000e-04
40 69.400630 100.000000 100.000000 69.396932 5.400000e-04
41 0.000000 56.088745 33.360145 0.000000 2.400000e-04
31 33.360145 100.000000 44.270952 81.655551 2.400000e-04
47 29.952936 52.356478 32.327239 0.000000 5.900000e-04
37 32.327239 100.000000 36.862118 0.000000 5.900000e-04
27 36.862118 100.000000 41.396998 0.000000 5.900000e-04
17 41.396998 100.000000 45.931877 0.000000 5.900000e-04
7 45.931877 100.000000 50.466756 0.000000 5.900000e-04
78 28.416572 2.697200 32.611117 0.000000 3.100000e-04
68 32.611117 100.000000 100.000000 56.667220 3.100000e-04
69 0.000000 56.667220 77.948578 6.544286 3.100000e-04
92 98.096648 0.656809 98.938589 0.000000 2.500000e-04
82 98.938589 100.000000 100.000000 99.171980 2.500000e-04
83 0.000000 99.171980 92.164862 27.273015 2.500000e-04
31 22.013638 5.795639 29.836333 0.000000 2.400000e-04
21 29.836333 100.000000 100.000000 48.017493 2.400000e-04
22 0.000000 48.017493 6.230826 43.401230 2.400000e-04
73 18.706979 95.711425 22.994476 100.000000 2.600000e-04
83 22.994476 0.000000 100.000000 77.024881 2.600000e-04
84 0.000000 77.024881 7.589660 84.616449 2.600000e-04
1 0.000000 12.838542 100.000000 63.030052 3.900000e-04
2 0.000000 63.030052 73.657772 100.000000 3.900000e-04
12 73.657772 0.000000 100.000000 13.221562 3.900000e-04
13 0.000000 13.221562 30.782863 28.671946 3.900000e-04
45 42.224189 11.183087 56.550396 0.000000 2.400000e-04
35 56.550396 100.000000 100.000000 66.083089 2.400000e-04
36 0.000000 66.083089 25.213860 46.401063 2.400000e-04
25 4.110014 3.662410 26.174817 100.000000 2.600000e-04
35 26.174817 0.000000 33.658911 32.676457 2.600000e-04
14 26.531503 51.593169 100.000000 53.374969 2.400000e-04
15 0.000000 53.374969 36.046514 54.249189 2.400000e-04
69 45.904791 69.090016 100.000000 18.661877 2.400000e-04
70 0.000000 18.661877 20.018945 0.000000 2.400000e-04
60 20.018945 100.000000 27.625439 92.909144 2.400000e-04
25 15.692960 64.489997 19.022264 100.000000 2.300000e-04
35 19.022264 0.000000 25.422070 68.259636 2.300000e-04
83 80.402548 52.371972 82.625620 100.000000 3.400000e-04
93 82.625620 0.000000 87.293190 100.000000 3.400000e-04
41 14.632206 57.641188 49.265307 100.000000 2.400000e-04
51 49.265307 0.000000 81.730082 39.706791 2.400000e-04
82 88.366329 24.966545 97.270666 0.000000 3.100000e-04
72 97.270666 100.000000 100.000000 92.347319 3.100000e-04
73 0.000000 92.347319 32.935739 0.000000 3.100000e-04
63 32.935739 100.000000 49.965637 52.250489 3.100000e-04
3 13.313372 63.028217 65.038657 0.000000 2.400000e-04
61 0.000000 31.579588 35.230568 0.000000 3.200000e-04
51 35.230568 100.000000 100.000000 41.942692 3.200000e-04
52 0.000000 41.942692 1.603467 40.505394 3.200000e-04
67 29.224842 2.570625 36.417871 0.000000 2.900000e-04
57 36.417871 100.000000 100.000000 77.277191 2.900000e-04
58 0.000000 77.277191 75.396995 50.332018 2.900000e-04
81 0.000000 13.631495 16.646323 0.000000 2.600000e-04
71 16.646323 100.000000 55.592291 68.107565 2.600000e-04
76 63.915000 95.655384 95.874855 0.000000 4.000000e-04
66 95.874855 100.000000 100.000000 87.653500 4.000000e-04
67 0.000000 87.653500 29.286309 0.000000 4.000000e-04
57 29.286309 100.000000 57.926361 14.280739 4.000000e-04
74 29.483218 59.193019 56.430557 100.000000 3.900000e-04
84 56.430557 0.000000 100.000000 65.978221 3.900000e-04
85 0.000000 65.978221 22.466656 100.000000 3.900000e-04
95 22.466656 0.000000 86.695857 97.263772 3.900000e-04
71 75.008422 28.072777 100.000000 47.608130 5.100000e-04
72 0.000000 47.608130 67.024921 100.000000 5.100000e-04
82 67.024921 0.000000 100.000000 25.775876 5.100000e-04
83 0.000000 25.775876 94.954924 100.000000 5.100000e-04
93 94.954924 0.000000 100.000000 3.943622 5.100000e-04
94 0.000000 3.943622 100.000000 82.111368 5.100000e-04
95 0.000000 82.111368 22.884928 100.000000 5.100000e-04
17 36.702714 4.769506 68.216735 99.696207 2.300000e-04
13 38.490577 43.607020 100.000000 80.438339 3.200000e-04
14 0.000000 80.438339 32.668568 100.000000 3.200000e-04
24 32.668568 0.000000 100.000000 40.317488 3.200000e-04
25 0.000000 40.317488 2.063599 41.553154 3.200000e-04
71 54.394263 81.196339 100.000000 90.246907 2.300000e-04
72 0.000000 90.246907 49.145759 100.000000 2.300000e-04
82 49.145759 0.000000 52.949986 0.754958 2.300000e-04
5 94.452380 95.344746 100.000000 90.670559 2.400000e-04
6 0.000000 90.670559 76.677409 26.065462 2.400000e-04
42 60.258509 43.403581 63.994590 0.000000 2.400000e-04
32 63.994590 100.000000 69.481976 36.250804 2.400000e-04
29 77.042386 33.259483 83.441976 100.000000 2.700000e-04
39 83.441976 0.000000 89.835018 66.672225 2.700000e-04
77 34.618376 84.589215 88.045121 0.000000 2.500000e-04
67 88.045121 100.000000 98.295648 83.770599 2.500000e-04
18 82.127517 6.048452 100.000000 5.547484 2.600000e-04
19 0.000000 5.547484 100.000000 2.744468 2.600000e-04
20 0.000000 2.744468 13.357467 2.370056 2.600000e-04
78 28.045122 43.409787 67.888417 100.000000 2.500000e-04
88 67.888417 0.000000 97.277006 41.741188 2.500000e-04
78 98.770268 14.841391 100.000000 24.968573 2.700000e-04
79 0.000000 24.968573 9.110979 100.000000 2.700000e-04
89 9.110979 0.000000 15.257281 50.616494 2.700000e-04
46 94.198198 73.031674 100.000000 81.919214 2.700000e-04
47 0.000000 81.919214 11.803170 100.000000 2.700000e-04
57 11.803170 0.000000 71.706689 91.763713 2.700000e-04
27 22.505608 16.643445 100.000000 48.998753 3.200000e-04
28 0.000000 48.998753 98.349008 90.061239 3.200000e-04
17 54.777675 96.905178 88.130944 0.000000 3.700000e-04
7 88.130944 100.000000 100.000000 65.515435 3.700000e-04
8 0.000000 65.515435 22.549403 0.000000 3.700000e-04
53 76.949637 83.270501 94.255522 100.000000 2.500000e-04
63 94.255522 0.000000 100.000000 5.553154 2.500000e-04
64 0.000000 5.553154 64.946086 68.336161 2.500000e-04
5 98.636465 0.000000 100.000000 3.643410 4.100000e-04
6 0.000000 3.643410 36.061163 100.000000 4.100000e-04
16 36.061163 0.000000 64.660524 76.418416 4.100000e-04
19 50.932445 75.897694 70.143584 0.000000 3.500000e-04
9 70.143584 100.000000 95.455471 0.000000 3.500000e-04
11 0.000000 63.140957 100.000000 1.664655 3.900000e-04
12 0.000000 1.664655 2.707800 0.000000 3.900000e-04
2 2.707800 100.000000 79.078415 53.050170 3.900000e-04
45 63.522350 93.955183 100.000000 51.085081 2.500000e-04
46 0.000000 51.085081 37.279201 7.272961 2.500000e-04
75 22.527853 23.553576 27.234804 0.000000 2.400000e-04
65 27.234804 100.000000 42.998576 21.118112 2.400000e-04
79 44.475788 87.853402 55.118556 100.000000 3.100000e-04
89 55.118556 0.000000 100.000000 51.223223 3.100000e-04
90 0.000000 51.223223 42.737886 100.000000 3.100000e-04
100 42.737886 0.000000 64.089196 24.368265 3.100000e-04
56 43.026131 60.053405 100.000000 19.780838 3.400000e-04
57 0.000000 19.780838 27.984082 0.000000 3.400000e-04
47 27.984082 100.000000 100.000000 49.094805 3.400000e-04
48 0.000000 49.094805 17.340572 36.837443 3.400000e-04
20 69.735943 1.081815 70.020632 0.000000 2.400000e-04
10 70.020632 100.000000 96.336501 0.000000 2.400000e-04
36 31.846678 13.980557 100.000000 13.791252 2.400000e-04
37 0.000000 13.791252 38.554002 13.684163 2.400000e-04
79 21.991388 28.658209 28.131273 0.000000 3.100000e-04
69 28.131273 100.000000 49.555797 0.000000 3.100000e-04
59 49.555797 100.000000 59.281647 54.604126 3.100000e-04
65 6.880213 60.840093 26.198249 100.000000 3.800000e-04
75 26.198249 0.000000 75.529407 100.000000 3.800000e-04
85 75.529407 0.000000 100.000000 49.604739 3.800000e-04
86 0.000000 49.604739 24.860566 100.000000 3.800000e-04
96 24.860566 0.000000 30.747349 11.933194 3.800000e-04
15 62.213373 75.182220 80.289439 100.000000 3.900000e-04
25 80.289439 0.000000 100.000000 27.061882 3.900000e-04
26 0.000000 27.061882 53.124584 100.000000 3.900000e-04
36 53.124584 0.000000 100.000000 64.358239 3.900000e-04
37 0.000000 64.358239 25.959728 100.000000 3.900000e-04
47 25.959728 0.000000 28.231286 3.118766 3.900000e-04
42 61.622239 47.714768 79.847267 100.000000 2.400000e-04
52 79.847267 0.000000 96.586002 48.021253 2.400000e-04
76 56.157085 36.078125 100.000000 82.189695 3.500000e-04
77 0.000000 82.189695 16.934051 100.000000 3.500000e-04
87 16.934051 0.000000 100.000000 87.364204 3.500000e-04
88 0.000000 87.364204 12.014124 100.000000 3.500000e-04
98 12.014124 0.000000 12.766309 0.791107 3.500000e-04
68 74.106944 61.853434 100.000000 46.556657 4.600000e-04
69 0.000000 46.556657 78.807069 0.000000 4.600000e-04
59 78.807069 100.000000 100.000000 87.479905 4.600000e-04
60 0.000000 87.479905 100.000000 28.403152 4.600000e-04
55 78.516846 84.483525 100.000000 65.879657 2.800000e-04
56 0.000000 65.879657 76.075730 0.000000 2.800000e-04
46 76.075730 100.000000 89.510657 88.365693 2.800000e-04
35 27.426685 25.938437 100.000000 32.800757 2.400000e-04
36 0.000000 32.800757 31.801820 35.807844 2.400000e-04
38 68.043989 57.761443 88.111942 100.000000 2.500000e-04
48 88.111942 0.000000 100.000000 25.021706 2.500000e-04
49 0.000000 25.021706 19.288177 65.619009 2.500000e-04
81 0.000000 10.539171 65.434087 0.000000 3.500000e-04
71 65.434087 100.000000 100.000000 94.432625 3.500000e-04
72 0.000000 94.432625 100.000000 78.326080 3.500000e-04
73 0.000000 78.326080 5.294549 77.473311 3.500000e-04
39 44.593878 6.792497 100.000000 62.520075 2.300000e-04
40 0.000000 62.520075 17.005208 79.623944 2.300000e-04
51 2.870585 33.766026 3.346498 0.000000 2.700000e-04
41 3.346498 100.000000 4.755943 0.000000 2.700000e-04
31 4.755943 100.000000 4.876486 91.447446 2.700000e-04
45 73.401910 40.326257 94.608415 0.000000 2.900000e-04
35 94.608415 100.000000 100.000000 89.747371 2.900000e-04
36 0.000000 89.747371 47.195754 0.000000 2.900000e-04
26 47.195754 100.000000 49.656274 95.321079 2.900000e-04
97 23.947674 52.027147 34.357811 0.000000 5.400000e-04
87 34.357811 100.000000 54.366860 0.000000 5.400000e-04
77 54.366860 100.000000 74.375909 0.000000 5.400000e-04
67 74.375909 100.000000 94.384958 0.000000 5.400000e-04
57 94.384958 100.000000 100.000000 71.937488 5.400000e-04
58 0.000000 71.937488 14.394007 0.000000 5.400000e-04
48 14.394007 100.000000 32.979594 7.114092 5.400000e-04
56 44.648166 13.612057 78.298573 100.000000 2.500000e-04
66 78.298573 0.000000 86.847128 21.946007 2.500000e-04
65 29.663563 75.248920 100.000000 41.414731 2.400000e-04
66 0.000000 41.414731 27.253730 28.304772 2.400000e-04
43 24.625434 82.379837 100.000000 89.245335 3.200000e-04
44 0.000000 89.245335 100.000000 98.353842 3.200000e-04
45 0.000000 98.353842 16.400255 99.847660 3.200000e-04
46 77.052216 46.383607 100.000000 1.545063 2.400000e-04
47 0.000000 1.545063 0.790743 0.000000 2.400000e-04
37 0.790743 100.000000 26.107381 50.532863 2.400000e-04
17 60.881345 92.416155 65.392239 100.000000 6.300000e-04
27 65.392239 0.000000 100.000000 58.183571 6.300000e-04
28 0.000000 58.183571 24.872536 100.000000 6.300000e-04
38 24.872536 0.000000 84.352834 100.000000 6.300000e-04
48 84.352834 0.000000 100.000000 26.306468 6.300000e-04
49 0.000000 26.306468 43.833132 100.000000 6.300000e-04
59 43.833132 0.000000 100.000000 94.429366 6.300000e-04
60 0.000000 94.429366 3.313430 100.000000 6.300000e-04
70 3.313430 0.000000 62.793728 100.000000 6.300000e-04
80 62.793728 0.000000 100.000000 62.552263 6.300000e-04
7 25.333466 84.962608 100.000000 60.970092 2.500000e-04
8 0.000000 60.970092 39.702168 48.212637 2.500000e-04
39 65.689582 71.467511 100.000000 91.679698 3.100000e-04
40 0.000000 91.679698 14.123808 100.000000 3.100000e-04
50 14.123808 0.000000 100.000000 50.589463 3.100000e-04
91 90.732952 100.000000 100.000000 65.722313 3.900000e-04
92 0.000000 65.722313 17.768171 0.000000 3.900000e-04
82 17.768171 100.000000 36.126051 32.096428 3.900000e-04
84 81.378936 52.276378 100.000000 41.999195 4.000000e-04
85 0.000000 41.999195 76.097669 0.000000 4.000000e-04
75 76.097669 100.000000 100.000000 86.808023 4.000000e-04
76 0.000000 86.808023 100.000000 31.616852 4.000000e-04
77 0.000000 31.616852 40.678912 9.165684 4.000000e-04
71 35.034160 13.448649 100.000000 26.917985 2.800000e-04
72 0.000000 26.917985 85.222520 44.587129 2.800000e-04
85 36.579253 20.422650 77.103350 0.000000 3.600000e-04
75 77.103350 100.000000 100.000000 88.460933 3.600000e-04
76 0.000000 88.460933 100.000000 38.064621 3.600000e-04
77 0.000000 38.064621 53.944502 10.878582 3.600000e-04
86 17.288461 82.698982 100.000000 21.873417 4.700000e-04
87 0.000000 21.873417 29.743808 0.000000 4.700000e-04
77 29.743808 100.000000 100.000000 48.334022 4.700000e-04
78 0.000000 48.334022 65.725346 0.000000 4.700000e-04
68 65.725346 100.000000 100.000000 74.794627 4.700000e-04
69 0.000000 74.794627 60.283336 30.462626 4.700000e-04
71 0.000000 88.407024 35.604971 100.000000 4.600000e-04
81 35.604971 0.000000 100.000000 20.967017 4.600000e-04
82 0.000000 20.967017 100.000000 53.527010 4.600000e-04
83 0.000000 53.527010 100.000000 86.087003 4.600000e-04
84 0.000000 86.087003 36.998186 98.133610 4.600000e-04
88 30.086619 4.139403 35.869461 0.000000 2.500000e-04
78 35.869461 100.000000 100.000000 54.094868 2.500000e-04
79 0.000000 54.094868 25.035456 36.174297 2.500000e-04
94 20.711954 52.209121 100.000000 78.981287 3.000000e-04
95 0.000000 78.981287 62.248708 100.000000 3.000000e-04
29 51.712010 32.114318 64.101902 0.000000 3.700000e-04
19 64.101902 100.000000 100.000000 6.952948 3.700000e-04
20 0.000000 6.952948 2.682488 0.000000 3.700000e-04
10 2.682488 100.000000 41.263074 0.000000 3.700000e-04
43 77.823701 45.553231 100.000000 8.003795 2.500000e-04
44 0.000000 8.003795 4.726956 0.000000 2.500000e-04
34 4.726956 100.000000 36.264046 46.600651 2.500000e-04
31 45.328079 75.372761 48.646467 100.000000 3.500000e-04
41 48.646467 0.000000 62.120931 100.000000 3.500000e-04
51 62.120931 0.000000 75.595394 100.000000 3.500000e-04
61 75.595394 0.000000 76.774213 8.748540 3.500000e-04
32 86.320022 25.870286 98.973959 0.000000 2.800000e-04
22 98.973959 100.000000 100.000000 97.902315 2.800000e-04
23 0.000000 97.902315 47.886974 0.000000 2.800000e-04
13 47.886974 100.000000 52.622267 90.318950 2.800000e-04
11 32.440706 7.968240 39.878771 0.000000 3.000000e-04
1 39.878771 100.000000 100.000000 35.593412 3.000000e-04
2 0.000000 35.593412 33.225168 0.000000 3.000000e-04
100 19.653515 22.047187 81.137155 100.000000 2.500000e-04
71 0.000000 23.501641 68.485920 35.735479 2.400000e-04
11 54.370910 65.331068 100.000000 52.189473 2.600000e-04
12 0.000000 52.189473 74.965956 30.598592 2.600000e-04
1 0.288000 0.000000 30.254064 100.000000 4.800000e-04
11 30.254064 0.000000 60.508129 100.000000 4.800000e-04
21 60.508129 0.000000 90.762193 100.000000 4.800000e-04
31 90.762193 0.000000 100.000000 30.534103 4.800000e-04
32 0.000000 30.534103 3.747282 42.920148 4.800000e-04
72 68.218482 62.441279 100.000000 24.299113 2.800000e-04
73 0.000000 24.299113 20.246954 0.000000 2.800000e-04
63 20.246954 100.000000 64.236177 47.206919 2.800000e-04
31 0.000000 85.593462 68.170276 58.152784 2.500000e-04
6 90.478340 0.000000 100.000000 17.149086 3.600000e-04
7 0.000000 17.149086 46.001182 100.000000 3.600000e-04
17 46.001182 0.000000 94.420191 87.205567 3.600000e-04
45 8.230612 72.945218 100.000000 20.542596 3.600000e-04
46 0.000000 20.542596 35.974944 0.000000 3.600000e-04
36 35.974944 100.000000 100.000000 63.440087 3.600000e-04
37 0.000000 63.440087 25.751267 48.735468 3.600000e-04
13 43.411108 93.645322 47.350748 0.000000 2.300000e-04
3 47.350748 100.000000 47.673180 92.335786 2.300000e-04
91 59.147021 16.660340 78.193079 0.000000 4.300000e-04
81 78.193079 100.000000 100.000000 80.924624 4.300000e-04
82 0.000000 80.924624 92.512825 0.000000 4.300000e-04
72 92.512825 100.000000 100.000000 93.450672 4.300000e-04
73 0.000000 93.450672 100.000000 5.976719 4.300000e-04
74 0.000000 5.976719 6.832570 0.000000 4.300000e-04
64 6.832570 100.000000 28.347659 81.179901 4.300000e-04
91 0.000000 94.933998 100.000000 32.917552 3.800000e-04
92 0.000000 32.917552 53.078745 0.000000 3.800000e-04
82 53.078745 100.000000 100.000000 70.901105 3.800000e-04
83 0.000000 70.901105 8.608646 65.562329 3.800000e-04
4 48.554822 65.841977 88.328509 0.000000 2.600000e-04
61 0.000000 46.168630 97.592112 94.657816 3.300000e-04
76 95.866741 40.802522 100.000000 3.144268 2.600000e-04
77 0.000000 3.144268 0.345106 0.000000 2.600000e-04
67 0.345106 100.000000 9.535898 16.262400 2.600000e-04
13 78.330352 35.114294 100.000000 47.920908 5.000000e-04
14 0.000000 47.920908 88.121308 100.000000 5.000000e-04
24 88.121308 0.000000 100.000000 7.020226 5.000000e-04
25 0.000000 7.020226 100.000000 66.119544 5.000000e-04
26 0.000000 66.119544 57.327999 100.000000 5.000000e-04
36 57.327999 0.000000 100.000000 25.218861 5.000000e-04
37 0.000000 25.218861 79.379136 72.131389 5.000000e-04
73 99.890348 81.886559 100.000000 82.703475 2.600000e-04
74 0.000000 82.703475 2.321656 100.000000 2.600000e-04
84 2.321656 0.000000 15.744330 100.000000 2.600000e-04
94 15.744330 0.000000 16.345030 4.475267 2.600000e-04
11 0.000000 1.000000 61.998750 100.000000 1.000000e-03
21 61.998750 0.000000 100.000000 60.680639 1.000000e-03
22 0.000000 60.680639 24.623750 100.000000 1.000000e-03
32 24.623750 0.000000 87.248750 100.000000 1.000000e-03
42 87.248750 0.000000 100.000000 20.361277 1.000000e-03
43 0.000000 20.361277 49.873750 100.000000 1.000000e-03
53 49.873750 0.000000 100.000000 80.041916 1.000000e-03
54 0.000000 80.041916 12.498750 100.000000 1.000000e-03
64 12.498750 0.000000 75.123750 100.000000 1.000000e-03
74 75.123750 0.000000 100.000000 39.722555 1.000000e-03
75 0.000000 39.722555 37.748750 100.000000 1.000000e-03
85 37.748750 0.000000 100.000000 99.403194 1.000000e-03
86 0.000000 99.403194 0.373750 100.000000 1.000000e-03
96 0.373750 0.000000 1.000000 1.000000 1.000000e-03
71 0.000000 1.000000 1.252500 0.000000 1.000000e-03
61 1.252500 100.000000 100.000000 21.159681 1.000000e-03
62 0.000000 21.159681 26.502500 0.000000 1.000000e-03
52 26.502500 100.000000 100.000000 41.319361 1.000000e-03
53 0.000000 41.319361 51.752500 0.000000 1.000000e-03
43 51.752500 100.000000 100.000000 61.479042 1.000000e-03
44 0.000000 61.479042 77.002500 0.000000 1.000000e-03
34 77.002500 100.000000 100.000000 81.638723 1.000000e-03
35 0.000000 81.638723 100.000000 1.798403 1.000000e-03
36 0.000000 1.798403 1.000000 1.000000 1.000000e-03
28 1.000000 1.000000 13.390488 100.000000 1.000000e-03
38 13.390488 0.000000 25.906133 100.000000 1.000000e-03
48 25.906133 0.000000 38.421777 100.000000 1.000000e-03
58 38.421777 0.000000 50.937422 100.000000 1.000000e-03
68 50.937422 0.000000 63.453066 100.000000 1.000000e-03
78 63.453066 0.000000 75.968711 100.000000 1.000000e-03
88 75.968711 0.000000 88.484355 100.000000 1.000000e-03
98 88.484355 0.000000 100.000000 92.010000 1.000000e-03
99 0.000000 92.010000 1.000000 100.000000 1.000000e-03
